Table 12.
–Commercial salmon catch by species, in numbers of fish, Egegik District, Bristol Bay 2021.
Hours fished Deliveries
Date Drift Set Drift Set Sockeye Chinook Chum Pink Coho Total
6/1 15 15 – – – – – – – 0
6/2 9 9 – – – – – – – 0
6/3 15 15 – – – – – – – 0
6/4 9 9 – – – – – – – 0
6/5 – – – – – – – – – –
6/6 – – – – – – – – – –
6/7 15 15 – – – – – – – 0
6/8a 24 24 – – – – – – – –
6/9 9 9 – – – – – – – 0
6/10 15 15 1 6 176 1 0 0 0 177
6/11a 9 9 – – – – – – – –
6/12 – – – – – – – – – –
6/13 – – – – – – – – – –
6/14 15 15 21 41 8,687 18 61 0 0 8,766
6/15 24 24 20 36 4,675 3 36 0 0 4,714
6/16 9 9 6 6 537 3 8 0 0 548
6/17 15 15 121 102 63,853 16 275 0 0 64,144
6/18 9 9 14 16 4,723 1 24 0 0 4,748
6/19 – – – – – – – – – –
6/20 6 8 207 160 56,289 18 338 0 0 56,645
6/21 – – – – – – – – – –
6/22 6 8 248 223 108,762 30 424 0 0 109,216
6/23 – – – – – – – – – –
6/24 6.5 8.5 330 229 209,415 29 519 0 0 209,963
6/25 11 15.5 269 230 133,675 11 393 0 0 134,079
6/26 11.5 16 360 313 339,157 17 828 0 0 340,002
6/27 11.5 16 481 324 326,036 14 673 0 0 326,723
6/28 12.5 16 469 292 292,877 18 1,142 0 0 294,037
6/29 11 16 485 283 293,018 18 489 0 0 293,525
6/30 12 15.25 518 213 357,270 16 331 0 0 357,617
7/1 12.25 15.25 299 185 289,871 5 385 0 0 290,261
7/2 9.25 15 582 327 313,830 22 405 0 0 314,257
7/3 7 10.5 554 153 272,674 13 256 0 0 272,943
7/4 7.5 12 556 452 441,810 43 418 0 0 442,271
7/5 8 15.25 477 392 317,645 16 290 0 0 317,951
7/6 7.75 15.25 525 341 490,896 15 281 0 0 491,192
-continued-
36
Table 12.
–Page 2 of 3.
Hours fished Deliveries
Date Drift Set Drift Set Sockeye Chinook Chum Pink Coho Total
7/7 10.75 15.25 459 519 627,577 17 448 0 0 628,042
7/8 11.25 15.25 405 307 353,753 12 330 0 0 354,095
7/9 12.5 17.5 302 275 294,015 15 423 0 0 294,453
7/10 12.75 17.5 279 238 258,525 6 384 0 0 258,915
7/11 13 18 324 402 412,863 16 926 0 0 413,805
7/12 13.5 18 384 275 425,528 10 1,197 1 0 426,736
7/13 14 18 400 335 409,185 14 807 26 0 410,032
7/14 14.5 17.75 370 367 351,987 9 813 0 0 352,809
7/15 15 17.5 375 286 274,078 10 796 0 0 274,884
7/16 14.75 17 299 250 133,256 8 534 0 0 133,798
7/17 24 24 200 189 117,414 3 583 0 0 118,000
7/18 24 24 181 165 75,850 2 575 0 0 76,427
7/19 24 24 168 137 55,580 0 409 0 0 55,989
7/20 24 24 127 106 47,688 2 362 0 0 48,052
7/21 24 24 92 104 49,601 4 287 0 0 49,892
7/22 24 24 75 99 41,321 1 361 0 0 41,683
7/23 24 24 63 78 27,347 3 208 0 1 27,559
7/24 24 24 50 59 30,006 3 319 5 4 30,337
7/25 24 24 47 63 33,653 3 290 0 1 33,947
7/26 24 24 43 54 33,477 1 319 5 20 33,822
7/27 24 24 44 25 29,240 3 245 58 18 29,564
7/28 24 24 34 28 23,925 2 238 7 47 24,219
7/29 24 24 34 28 19,679 1 161 5 72 19,918
7/30 24 24 29 21 12,183 2 106 4 504 12,799
7/31 24 24 21 13 12,449 1 86 5 56 12,597
8/1 24 24 7 11 4,791 0 22 11 3 4,827
8/2 24 24 17 13 11,282 0 57 23 53 11,415
8/3 24 24 10 4 9,238 0 45 4 301 9,588
8/4 24 24 8 4 5,332 0 153 11 289 5,785
8/5 24 24 17 6 7,792 0 286 90 749 8,917
8/6 24 24 4 3 2,138 0 79 0 222 2,439
8/7 24 24 4 5 3,328 0 44 18 120 3,510
8/8 9 9 – – – – – – – –
8/9 15 15 5 2 4,510 0 90 0 350 4,950
8/10 24 24 8 7 3,931 0 82 2 801 4,816
8/11 24 24 9 7 7,754 0 111 5 880 8,750
8/12 24 24 9 6 3,980 0 61 1 1,170 5,212
