Table 19.
–Commercial salmon catch by date and species, in numbers of fish, Togiak District, Bristol
Bay, 2021.
Deliveries
Date Drift Set Sockeye Chinook Chum Pink Coho Total
6/15a
– – – – – – – –
6/16a
– – – – – – – –
6/17a
– – – – – – – –
6/18a
– – – – – – – –
6/21 2 14 551 4 40 0 0 595
6/22 1 18 594 9 26 0 0 629
6/23 1 6 400 1 7 0 0 408
6/24 2 0 575 0 16 0 0 591
6/25 1 3 68 1 6 0 0 75
6/28 14 54 3,479 18 163 2 0 3,662
6/29 19 66 4,564 36 242 8 0 4,850
6/30 9 31 4,253 15 123 0 0 4,391
7/1 3 11 1,621 2 20 0 0 1,643
7/2 15 47 8,484 14 121 6 0 8,625
7/3 5 45 4,200 10 81 5 0 4,296
7/5 21 50 5,800 20 208 11 0 6,039
7/6 34 79 13,544 48 572 13 0 14,177
7/7 47 106 18,447 46 722 30 0 19,245
7/8 42 95 17,480 22 707 40 0 18,249
7/9 20 77 15,031 18 323 22 0 15,394
7/10 12 81 13,805 27 412 64 0 14,308
7/11 18 86 18,471 26 712 66 0 19,275
7/12 43 139 21,549 42 1,057 146 0 22,794
7/13 48 128 22,957 66 1,197 136 0 24,356
7/14 39 158 26,689 53 1,320 178 0 28,240
7/15 46 128 19,878 37 1,506 112 0 21,533
7/16 55 142 24,282 52 1,253 142 0 25,729
7/17 41 126 24,327 16 882 51 0 25,276
7/18 7 29 5,921 3 97 22 0 6,043
7/19 48 128 26,658 23 891 96 1 27,669
7/20 45 127 20,771 15 1,061 98 0 21,945
7/21 50 107 18,530 15 1,071 47 0 19,663
7/22 40 136 23,284 13 1,085 39 0 24,421
7/23 50 128 30,490 5 846 50 0 31,391
7/24 50 140 35,833 12 982 56 0 36,883
-continued-
48
Table 19.
–Page 2 of 2.
Deliveries
Date Drift Set Sockeye Chinook Chum Pink Coho Total
7/25 15 41 12,447 8 172 13 0 12,640
7/26 32 134 27,836 9 568 82 0 28,495
7/27 65 142 33,909 12 717 68 8 34,714
7/28 20 107 13,193 3 243 33 5 13,477
7/29 43 73 24,493 4 261 19 2 24,779
7/30 53 83 24,377 1 322 15 1 24,716
7/31 12 61 6,808 2 89 10 0 6,909
8/1 4 21 3,072 0 16 3 0 3,091
8/2 38 60 13,886 2 153 17 5 14,063
8/3 35 123 18,911 2 222 50 7 19,192
8/4 26 106 11,601 1 179 29 20 11,830
8/5 17 79 6,904 2 99 16 17 7,038
8/6 12 57 6,317 1 82 17 8 6,425
8/7 16 58 8,433 2 112 11 15 8,573
8/8 4 19 3,279 1 26 4 11 3,321
8/9 11 34 3,714 0 43 18 43 3,818
8/10 15 70 6,321 2 82 13 73 6,491
8/11 12 66 4,415 2 50 12 57 4,536
8/12 10 54 3,658 3 40 11 94 3,806
8/13 2 45 2,295 0 29 10 83 2,417
8/14 4 32 964 1 15 6 68 1,054
8/15 2 2 408 0 5 4 16 433
8/16 6 10 1,082 0 12 10 156 1,260
8/17 7 20 1,546 0 22 5 309 1,882
8/18 5 15 1,252 0 11 4 354 1,621
8/19 4 13 818 0 2 2 298 1,120
8/20 3 14 459 0 3 2 241 705
8/21 2 20 448 0 9 13 286 756
8/22 1 3 57 0 1 0 7 65
