Table 8.
–Daily sockeye salmon escapement tower counts by river system, eastside Bristol Bay, 2022.
Kvichak River Naknek River Alagnak River Egegik River Ugashik River
Date Daily Cum. Daily Cum. Daily Cum. Daily Cum. Daily Cum.
6/17 3,048 3,048
6/18 16,536 19,584
6/19 29,616 49,200
6/20 246 246 6,228 55,428
6/21 1,026 1,272 3,960 59,388
6/22 0 26,778 28,050 35,730 95,118
6/23 1,176 1,176 47,586 75,636 50,340 145,458
6/24 6,336 7,512 8,850 84,486 59,820 205,278
6/25 47,778 55,290 18,690 103,176 131,754 337,032
6/26 13,752 69,042 45,924 149,100 108,624 445,656
6/27 4,236 73,278 93,528 242,628 24,966 470,622 1,590 1,590
6/28 83,628 156,906 53,934 296,562 94,086 564,708 2,628 4,218
6/29 84,132 241,038 18,222 314,784 21,594 21,594 48,138 612,846 810 5,028
6/30 32,304 273,342 32,226 347,010 7,524 29,118 38,916 651,762 1,830 6,858
7/1 4,764 278,106 99,570 446,580 4,536 33,654 35,376 687,138 14,430 21,288
7/2 15,528 293,634 164,310 610,890 19,614 53,268 54,078 741,216 41,616 62,904
7/3 138,504 432,138 37,308 648,198 51,492 104,760 46,284 787,500 31,890 94,794
7/4 159,222 591,360 76,698 724,896 46,026 150,786 44,628 832,128 23,022 117,816
7/5 80,790 672,150 144,858 869,754 52,248 203,034 92,790 924,918 46,644 164,460
7/6 222,462 894,612 67,488 937,242 137,808 340,842 107,628 1,032,546 90,066 254,526
7/7 303,612 1,198,224 59,664 996,906 92,622 433,464 96,066 1,128,612 107,514 362,040
7/8 304,038 1,502,262 104,832 1,101,738 66,144 499,608 118,146 1,246,758 143,922 505,962
7/9 264,348 1,766,610 66,642 1,168,380 87,906 587,514 99,006 1,345,764 113,502 619,464
7/10 254,382 2,020,992 117,696 1,286,076 102,804 690,318 84,036 1,429,800 186,774 806,238
7/11 316,158 2,337,150 204,876 1,490,952 109,908 800,226 72,048 1,501,848 115,632 921,870
7/12 290,622 2,627,772 111,618 1,602,570 155,058 955,284 53,574 1,555,422 64,200 986,070
7/13 454,830 3,082,602 46,722 1,649,292 138,324 1,093,608 56,682 1,612,104 145,602 1,131,672
7/14 383,220 3,465,822 82,590 1,731,882 104,490 1,198,098 37,092 1,649,196 65,670 1,197,342
7/15 127,824 3,593,646 50,214 1,782,096 42,480 1,240,578 21,588 1,670,784 52,998 1,250,340
7/16 128,040 3,721,686 34,602 1,816,698 66,762 1,307,340 25,398 1,696,182 36,036 1,286,376
7/17 137,418 3,859,104 20,412 1,837,110 50,340 1,357,680 13,998 1,710,180 14,718 1,301,094
7/18 48,024 3,907,128 30,558 1,867,668 28,074 1,385,754 17,580 1,727,760 14,844 1,315,938
7/19 58,200 3,965,328 25,212 1,892,880 47,838 1,433,592 22,842 1,750,602 11,208 1,327,146
7/20 113,130 4,078,458 15,876 1,908,756 78,924 1,512,516 15,192 1,765,794 12,942 1,340,088
7/21 88,998 4,167,456 12,540 1,921,296 68,430 1,580,946 20,358 1,786,152 20,466 1,360,554
7/22 31,170 4,198,626 35,700 1,616,646 17,064 1,377,618
7/23 19,044 4,217,670 29,766 1,646,412 6,408 1,384,026
7/24 5,136 4,222,806 11,922 1,658,334 8,694 1,392,720
7/25 1,524 4,224,330 3,570 1,661,904 5,256 1,397,976
7/26 552 4,224,882 6,318 1,668,222 6,888 1,404,864
7/27 13,728 1,418,592
7/28 18,192 1,436,784
