Table 12.–Commercial salmon catch by species, in numbers of fish, Egegik District, Bristol Bay, 2022.
Hours fished Deliveries
Date Drift Set Drift Set Sockeye Chinook Chum Pink Coho Total
6/1
6/2 15 15 0
6/3 9 9 0
6/4
6/5
6/6 a 15 15 1
6/7 24 24 5 324 0 0 0 0 324
6/8 a 9 9 1
6/9 15 15 3 10 1,247 0 0 0 0 1,247
6/10 a 9 9 2
6/11
6/12
6/13 15 15 26 91 23,339 3 18 0 0 23,360
6/14 24 24 21 134 21,966 8 28 0 0 22,002
6/15 9 9 6 11 4,686 4 7 0 0 4,697
6/16 15 15 120 166 78,809 10 125 0 0 78,944
6/17 9 9 16 15 6,986 1 9 0 0 6,996
6/18
6/19 6 8 178 162 50,278 18 230 0 0 50,526
6/20 6 7.25 161 246 164,764 12 294 0 0 165,070
6/21 5.5 6.75 205 313 239,320 15 246 0 0 239,581
6/22 5.25 7.25 257 325 419,506 17 398 0 0 419,921
6/23 11.75 8 423 209 358,549 8 568 0 0 359,125
6/24 6 8 204 192 109,764 11 330 0 0 110,105
6/25 8.5 10.5 361 394 427,700 12 381 0 0 428,093
6/26 13.25 18.25 360 351 667,606 11 637 0 0 668,254
6/27 14.25 19.25 470 490 857,628 12 495 0 0 858,135
6/28 14.25 19.25 399 413 532,054 12 740 0 0 532,806
6/29 14.75 19.75 337 366 435,970 11 209 0 0 436,190
6/30 15 20 368 405 603,524 10 1,361 0 0 604,895
7/1 15 20 386 340 799,964 7 883 0 0 800,854
7/2 14.5 20 375 433 472,115 6 664 0 0 472,785
7/3 15 20.5 374 394 676,356 5 1,075 0 0 677,436
7/4 15 20.5 513 728 1,222,427 8 3,183 0 0 1,225,618
7/5 14.5 15.5 538 190 914,082 3 1,169 0 0 915,254
7/6 14.75 14.75 506 460 946,279 8 1,314 0 0 947,601
-continued-
36
Table 12.–Page 2 of 3.
Hours fished Deliveries
Date Drift Set Drift Set Sockeye Chinook Chum Pink Coho Total
7/7 13.75 14 455 463 828,771 4 700 0 0 829,475
7/8 13.75 15 497 439 729,925 6 747 0 0 730,678
7/9 15.5 19 419 423 754,418 3 929 0 0 755,350
7/10 15.25 19.25 365 377 532,594 0 487 0 0 533,081
7/11 15 19 319 435 533,402 3 445 0 0 533,850
7/12 15 19 284 385 409,553 1 354 0 0 409,908
7/13 15 19 251 399 364,277 3 478 0 0 364,758
7/14 15.25 19.25 255 255 410,559 1 357 0 0 410,917
7/15 16 20 277 411 418,927 1 475 0 0 419,403
7/16 16 20 230 236 178,081 0 450 0 0 178,531
7/17 22.25 22.25 144 44 134,860 0 236 0 0 135,096
7/18 24 24 64 29 83,277 1 158 0 0 83,436
7/19 24 24 152 122 181,690 0 418 0 0 182,108
7/20 24 24 108 51 78,969 0 151 0 0 79,120
7/21 24 24 109 83 115,542 2 405 0 1 115,950
7/22 24 24 112 65 111,473 0 399 33 9 111,914
7/23 24 24 56 77 42,606 0 281 16 7 42,910
7/24 24 24 29 28 20,583 0 148 31 10 20,772
7/25 24 24 17 1 16,624 0 15 2 0 16,641
7/26 24 24 64 28 102,577 0 469 46 12 103,104
7/27 24 24 71 20 62,553 0 455 114 51 63,173
7/28 24 24 64 42 45,118 1 614 35 110 45,878
7/29 24 24 50 3 38,136 0 279 85 225 38,725
7/30 24 24 38 17 39,486 0 300 0 0 39,786
7/31 24 24 42 23 35,090 0 405 103 110 35,708
8/1 24 24 24 35 23,267 0 508 158 102 24,035
8/2 24 24 19 6 16,088 0 210 287 120 16,705
8/3 24 24 18 13 24,211 0 245 73 78 24,607
8/4 24 24 18 14 22,094 0 418 355 289 23,156
8/5 24 24 8 7 8,230 0 60 0 0 8,290
8/6 24 24 23 6 24,182 0 178 388 286 25,034
8/7 24 24 16 2 11,544 0 187 402 354 12,487
8/8 9 9 2 2 1,646 0 87 0 90 1,823
8/9 15 15 10 7 14,367 0 139 207 403 15,116
8/10 24 24 27 7 22,009 0 288 660 597 23,554
8/11 24 24 18 6 16,435 0 235 310 771 17,751
8/12 24 24 15 5 19,162 0 360 632 918 21,072
-continued-
37
Table 12.–Page 3 of 3.
Hours fished Deliveries
Date Drift Set Drift Set Sockeye Chinook Chum Pink Coho Total
8/13 24 24
8/14 24 24
8/15 9 9 13 6 14,640 0 294 324 1,172 16,430
8/16 15 15 1 2 2,414 0 74 0 342 2,830
8/17 24 24 9 7 10,901 0 76 56 644 11,677
8/18 a 24 24 1 1
8/19 24 24
8/20 24 24
8/21 24 24
8/22 a 9 9 1 1
8/23 15 15 2 2 1,691 0 31 0 669 2,391
8/24 a 24 24 2 2
8/25 a 24 24 1 1
8/26 24 24
8/27 24 24
8/28 24 24
8/29 24 24 1 1 538 0 22 0 360 920
8/30 a 9 9 2 1
8/31 15 15 2 1 307 0 3 0 508 818
Totals 1,534 1,621 11,312 11,438 16,543,931 239 28,033 4,317 10,730 16,587,250
