Table 9.–Commercial salmon catch by date and species, in numbers of fish, Naknek-Kvichak District,
Bristol Bay, 2022.
Hours fished Deliveries
Date Drift Set Drift Set Sockeye Chinook Chum Pink Coho Total
6/14 a 24 24 2 0
6/15 a 24 24 5 0
6/16 24 24 12 670 0 0 0 0 670
6/17 a 9 9 3 0
6/18 0
6/19 0
6/20 15 15 8 26 4,404 20 13 0 0 4,437
6/21 24 24 3 42 15,730 41 31 0 0 15,802
6/22 24 24 51 189 113,511 35 185 0 0 113,731
6/23 24 24 88 177 60,769 36 333 0 0 61,138
6/24 24 24 123 154 101,765 22 767 0 0 102,554
6/25 18 24 120 210 151,692 51 1,103 0 0 152,846
6/26 16 24 196 327 305,442 44 561 0 0 306,047
6/27 18 24 188 359 284,622 65 571 0 0 285,258
6/28 18 24 277 358 183,720 25 385 0 0 184,130
6/29 18 24 213 301 165,268 67 248 0 0 165,583
6/30 18.5 24 255 401 361,800 27 361 0 0 362,188
7/1 17.5 24 404 569 744,038 51 945 0 0 745,034
7/2 18 24 283 414 344,211 53 662 0 0 344,926
7/3 18.5 24 336 381 604,787 38 1,351 0 0 606,176
7/4 b 15.5 24 509 468 748,730 37 1,001 0 0 749,768
7/5 c 16 24 442 572 590,517 57 903 0 0 591,477
7/6 15.5 24 413 410 517,417 46 1,273 0 0 518,736
7/7 15.5 24 509 560 750,262 21 1,131 0 0 751,414
7/8 c 15.5 24 379 399 545,795 31 1,452 0 0 547,278
7/9 15 24 619 520 1,047,425 27 1,457 0 0 1,048,909
7/10 18.5 24 467 390 897,375 28 1,480 0 0 898,883
7/11 18 24 692 449 1,135,301 42 1,796 0 0 1,137,139
7/12 17.5 24 507 536 731,748 23 1,551 0 0 733,322
7/13 18 24 392 387 596,712 41 1,761 0 0 598,514
7/14 18.5 24 587 434 983,524 40 1,597 0 0 985,161
7/15 19 24 629 362 555,516 39 1,070 0 0 556,625
7/16 19.5 24 527 235 327,563 24 1,258 0 0 328,845
7/17 21 24 347 128 364,739 10 1,272 0 0 366,021
7/18 24 24 423 28 455,053 9 1,758 0 0 456,820
7/19 24 24 422 117 256,542 21 1,315 0 0 257,878
7/20 24 24 297 72 126,633 12 771 0 0 127,416
-continued-
32
Table 9.–Page 2 of 2.
Hours fished Deliveries
Date Drift Set Drift Set Sockeye Chinook Chum Pink Coho Total
7/21 24 24 327 96 131,158 14 1,137 247 0 132,556
7/22 24 24 216 67 66,603 6 612 9 0 67,230
7/23 24 24 105 43 22,049 5 178 20 0 22,252
7/24 24 24 32 21 13,625 4 348 1,112 98 15,187
7/25 24 24 5 28 5,436 1 19 1 2 5,459
7/26 24 24 34 67 19,257 16 273 1,913 21 21,480
7/27 24 24 7 52 9,485 3 225 3,024 3 12,740
7/28 24 24 3 61 3,396 5 48 709 228 4,386
7/29 a 24 24 6 22
7/30 a 24 24 5 19
7/31 a 24 24 1 26
8/1 a 24 24 5 16
8/2 a 24 24 5 11
8/3 a 24 24 1 8
8/4 a 24 24 7
8/5 a 24 24 1
8/6 a 24 24 3
8/7 a 24 24 2
8/8 a 24 24 1 1
8/9 a 24 24 2
8/10 a 24 24 1 4
8/11 a 24 24 2
8/12 a 9 9 5
8/13
8/14
8/15 a 15 15 1
8/16 a 24 24 1
8/17 24 24
8/18 24 24
8/19 9 9
8/20
8/21
8/22 15 15
8/23 a 24 2 1
Total 11,462 10,562 14,362,397 1,154 34,124 18,925 1,039 14,416,600
