Table 7.–Daily and cumulative passage estimates by salmon species, Nushagak River sonar project,
Bristol Bay, 2022.
Sockeye Chinook a Chum Coho b
Date Daily Cumulative Daily Cumulative Daily Cumulative Daily Cumulative
6/6 330 330 132 132 0 0
6/7 244 574 98 230 0 0
6/8 205 779 131 361 0 0
6/9 448 1,227 134 495 0 0
6/10 514 1,741 692 1,187 0 0
6/11 630 2,371 774 1,961 0 0
6/12 2,763 5,134 2,071 4,032 470 470
6/13 6,502 11,636 2,959 6,991 565 1,035
6/14 2,337 13,973 1,636 8,627 108 1,143
6/15 2,947 16,920 322 8,949 97 1,240
6/16 2,842 19,762 286 9,235 59 1,299
6/17 3,152 22,914 1,633 10,868 196 1,495
6/18 20,434 43,348 7,054 17,922 8,668 10,163
6/19 72,252 115,600 3,618 21,540 4,434 14,597
6/20 75,159 190,759 1,435 22,975 1,046 15,643
6/21 40,096 230,855 1,557 24,532 509 16,152
6/22 41,415 272,270 5,850 30,382 8,338 24,490
6/23 118,530 390,800 3,781 34,163 13,457 37,947
6/24 506,051 896,851 688 34,851 7,515 45,462
6/25 215,234 1,112,085 475 35,326 2,661 48,123
6/26 82,531 1,194,616 493 35,819 2,734 50,857
6/27 806,837 2,001,453 2,659 38,478 2,892 53,749
6/28 215,285 2,216,738 1,871 40,349 4,501 58,250
6/29 102,710 2,319,448 171 40,520 3,913 62,163
6/30 31,437 2,350,885 369 40,889 2,251 64,414
7/1 82,871 2,433,756 0 40,889 2,473 66,887
7/2 134,747 2,568,503 198 41,087 6,528 73,415
7/3 67,956 2,636,459 68 41,155 1,510 74,925
7/4 30,313 2,666,772 95 41,250 1,387 76,312
7/5 109,153 2,775,925 723 41,973 1,039 77,351
7/6 99,799 2,875,724 0 41,973 2,381 79,732
7/7 81,145 2,956,869 112 42,085 115 79,847
7/8 62,441 3,019,310 104 42,189 473 80,320
7/9 50,881 3,070,191 191 42,380 996 81,316
7/10 80,087 3,150,278 392 42,772 2,141 83,457
7/11 81,639 3,231,917 44 42,816 1,693 85,150
7/12 66,706 3,298,623 98 42,914 486 85,636
-continued-
29
Table 7.–Page 2 of 2.
Sockeye Chinook a Chum Coho b
Date Daily Cumulative Daily Cumulative Daily Cumulative Daily Cumulative
7/13 32,667 3,331,290 82 42,996 1,805 87,441
7/14 20,224 3,351,514 388 43,384 1,096 88,537
7/15 15,401 3,366,915 166 43,550 2,960 91,497
7/16 8,753 3,375,668 159 43,709 797 92,294
7/17 7,300 3,382,968 96 43,805 1,040 93,334
7/18 6,905 3,389,873 135 43,940 2,551 95,885
7/19 9,098 3,398,971 91 44,031 2,373 98,258
7/20 7,457 3,406,428 87 44,118 1,396 99,654
7/21 7,771 3,414,199 65 44,183 2,187 101,841
7/22 14,910 3,429,109 0 44,183 2,182 104,023
7/23 12,749 3,441,858 140 44,323 2,766 106,789
7/24 5,793 3,447,651 23 44,346 757 107,546
7/25 7,621 3,455,272 88 44,434 9,146 116,692
