Table 15.–Commercial catch by date and species, in numbers of fish, Ugashik District, Bristol Bay,
2022.
Hours fished Deliveries
Date Drift Set Drift Set Sockeye Chinook Chum Pink Coho Total
6/1 15 15 0 0
6/2 24 24 0 0
6/3 9 9 0 0
6/4
6/5
6/6 15 15 0 0
6/7 24 24 0 0
6/8 a 24 24 0 1
6/9 a 24 24 0 1
6/10 9 9 0 0
6/11
6/12
6/13 a 15 15 1 1
6/14 24 24 4 1 250 5 0 0 0 255
6/15 a 24 24 1 1
6/16 24 24 4 1 237 18 0 0 0 255
6/17 9 9 0 0
6/18
6/19
6/20 15 15 14 4 6,410 21 84 0 0 6,515
6/21 24 24 15 6 11,916 11 48 0 0 11,975
6/22 24 24 22 15 15,936 19 47 0 0 16,002
6/23 24 24 25 21 10,333 9 64 0 0 10,406
6/24 9 9 4 5 459 0 1 0 0 460
6/25 12 12 27 31 73,244 43 110 0 0 73,397
6/26
6/27 12 12 48 42 121,689 35 115 0 0 121,839
6/28 12 12 46 62 131,586 62 184 0 0 131,832
6/29 12 12 57 98 159,799 37 179 0 0 160,015
6/30 12 12 106 83 272,288 11 253 0 0 272,552
7/1 12 12 60 66 176,553 13 180 0 0 176,746
7/2 9 11 88 125 275,978 24 865 0 0 276,867
7/3 9 10.75 97 128 332,234 1 1,092 0 0 333,327
7/4 9 11.25 115 122 342,037 9 460 0 0 342,506
7/5 9 11.5 120 0 249,321 2 192 0 0 249,515
7/6 8 11.5 122 150 319,803 9 207 0 0 320,019
7/7 8.25 11.25 138 102 354,679 6 195 0 0 354,880
7/8 10.75 15.75 86 10 205,585 0 284 0 0 205,869
7/9 16 16 189 150 496,751 5 491 0 0 497,247
7/10 16 16 175 157 445,518 5 1,329 0 0 446,852
7/11 16 16 120 1 291,048 1 398 0 0 291,447
7/12 16 16 170 151 270,835 3 656 0 0 271,494
-continued-
41
Table 15.–Page 2 of 2.
Hours fished Deliveries
Date Drift Set Drift Set Sockeye Chinook Chum Pink Coho Total
7/13 15.5 15.5 267 149 396,557 1 908 0 2 397,468
7/14 15 15 228 99 338,176 1 997 0 0 339,174
7/15 15 15 194 129 174,484 4 379 0 0 174,867
7/16 15 15 194 85 147,992 3 375 0 0 148,370
7/17 24 24 98 16 76,165 0 248 0 0 76,413
7/18 24 24 76 8 47,796 0 138 0 0 47,934
7/19 24 24 85 51 58,265 1 187 0 0 58,453
7/20 24 24 82 24 54,633 1 206 0 0 54,840
7/21 24 24 62 9 61,571 0 804 0 0 62,375
7/22 24 24 67 44 90,166 0 680 362 9 91,217
7/23 24 24 26 27 27,898 0 262 0 0 28,160
7/24 24 24 40 19 51,330 0 547 0 0 51,877
7/25 24 24 4 0 4,149 0 53 0 0 4,202
7/26 24 24 65 34 98,887 0 1,122 0 0 100,009
7/27 24 24 22 28 27,768 0 260 0 0 28,028
7/28 24 24 53 14 36,162 0 368 0 0 36,530
7/29 24 24 24 2 11,266 0 236 0 0 11,502
7/30 24 24 13 0 15,052 0 318 0 0 15,370
7/31 24 24 16 0 15,322 0 285 0 0 15,607
8/1 24 24 7 0 4,943 0 111 0 0 5,054
8/2 24 24 4 0 1,098 0 26 0 0 1,124
8/3 24 24 9 0 7,610 2 128 0 0 7,740
8/4 a 24 24 3 0
8/5 24 24 7 0 6,942 0 70 0 0 7,012
8/6 24 24 4 0 1,233 0 12 0 0 1,245
Totals 1,100 1,120 3,504 2,273 6,321,339 372 16,176 362 11 6,338,260
