Table 7.
–Daily sockeye salmon escapement tower counts by river system, eastside Bristol Bay, 2020.
Kvichak River Naknek River Alagnak River Egegik River Ugashik River
Date Daily Cum. Daily Cum. Daily Cum. Daily Cum. Daily Cum.
6/17
6/18 1,146 1,146
6/19 678 678 5,034 6,180
6/20 4,074 4,752 2,490 8,670
6/21 9,084 13,836 12,762 21,432
6/22 78 78 4,008 17,844 12,534 33,966
6/23 132 210 7,140 24,984 13,488 47,454
6/24 0 210 12,270 37,254 49,908 97,362
6/25 0 210 15,486 52,740 19,506 116,868
6/26 66 276 19,194 71,934 17,580 134,448
6/27 102 378 33,522 105,456 9,564 144,012 966 966
6/28 1,302 1,680 5,430 110,886 30,480 174,492 1,704 2,670
6/29 882 2,562 9,066 119,952 19,212 193,704 1,932 4,602
6/30 2,058 4,620 159,030 278,982 2,946 2,946 14,340 208,044 2,994 7,596
7/1 15,810 20,430 22,470 301,452 15,510 18,456 69,006 277,050 3,552 11,148
7/2 32,046 52,476 2,130 303,582 12,258 30,714 100,344 377,394 5,886 17,034
7/3 39,114 91,590 4,188 307,770 2,652 33,366 26,994 404,388 4,680 21,714
7/4 7,416 99,006 334,374 642,144 762 34,128 22,386 426,774 8,094 29,808
7/5 8,064 107,070 38,646 680,790 86,094 120,222 40,356 467,130 4,194 34,002
7/6 106,980 214,050 478,884 1,159,674 40,302 160,524 183,018 650,148 3,252 37,254
7/7 170,142 384,192 262,140 1,421,814 85,266 245,790 104,736 754,884 7,332 44,586
7/8 200,460 584,652 585,294 2,007,108 119,220 365,010 195,336 950,220 9,006 53,592
7/9 232,164 816,816 502,830 2,509,938 136,644 501,654 248,796 1,199,016 27,948 81,540
7/10 429,006 1,245,822 102,552 2,612,490 315,420 817,074 328,554 1,527,570 75,222 156,762
7/11 490,938 1,736,760 265,002 2,877,492 244,836 1,061,910 178,830 1,706,400 153,090 309,852
7/12 536,448 2,273,208 440,688 3,318,180 246,942 1,308,852 129,096 1,835,496 124,554 434,406
7/13 469,806 2,743,014 92,052 3,410,232 295,320 1,604,172 130,752 1,966,248 184,860 619,266
7/14 628,572 3,371,586 217,554 3,627,786 130,044 1,734,216 61,950 2,028,198 135,258 754,524
7/15 176,034 3,547,620 263,298 3,891,084 171,090 1,905,306 101,310 2,129,508 147,498 902,022
7/16 187,764 3,735,384 73,182 3,964,266 134,514 2,039,820 88,536 2,218,044 123,144 1,025,166
7/17 121,974 3,857,358 33,768 3,998,034 43,140 2,082,960 61,902 2,279,946 119,376 1,144,542
7/18 53,820 3,911,178 32,520 4,030,554 48,654 2,131,614 27,240 2,307,186 97,392 1,241,934
7/19 32,334 3,943,512 33,456 4,064,010 44,250 2,175,864 17,472 2,324,658 85,488 1,327,422
7/20 27,576 3,971,088 27,924 4,091,934 34,776 2,210,640 12,954 2,337,612 47,166 1,374,588
7/21 13,662 3,984,750 20,226 4,112,160 41,922 2,252,562 20,856 2,358,468 52,614 1,427,202
7/22 11,532 3,996,282 27,636 2,280,198 15,414 2,373,882 49,464 1,476,666
7/23 4,428 4,000,710 33,528 2,313,726 9,816 2,383,698 51,234 1,527,900
7/24 11,844 4,012,554 25,854 2,339,580 6,030 2,389,728 62,778 1,590,678
7/25 9,288 4,021,842 17,748 2,357,328 36,834 1,627,512
7/26 5,946 4,027,788 14,742 2,372,070 38,442 1,665,954
7/27 3,180 4,030,968 10,992 2,383,062 41,394 1,707,348
7/28 3,456 2,386,518 38,592 1,745,940
