Table 6.
–Daily and cumulative escapement estimates by salmon species, Nushagak River sonar project,
Bristol Bay, 2020.
Sockeye Chinook a Chum Coho b
Date Daily Cumulative Daily Cumulative Daily Cumulative Daily Cumulative
6/6 389 389 72 72 8 8
6/7 579 968 111 183 33 41
6/8 539 1,507 124 307 21 62
6/9 648 2,155 88 395 62 124
6/10 1,089 3,244 149 544 31 155
6/11 904 4,148 94 638 32 187
6/12 1,114 5,262 8 646 25 212
6/13 1,688 6,950 -4 642 37 249
6/14 1,459 8,409 70 712 29 278
6/15 1,282 9,691 173 885 102 380
6/16 3,548 13,239 495 1,380 117 497
6/17 4,779 18,018 2,877 4,257 1,830 2,327
6/18 12,025 30,043 4,288 8,545 5,491 7,818
6/19 10,962 41,005 164 8,709 779 8,597
6/20 9,186 50,191 985 9,694 1,139 9,736
6/21 8,377 58,568 916 10,610 841 10,577
6/22 14,746 73,314 875 11,485 328 10,905
6/23 12,793 86,107 1,179 12,664 54 10,959
6/24 27,539 113,646 3,281 15,945 3,354 14,313
6/25 73,946 187,592 5,650 21,595 9,404 23,717
6/26 55,080 242,672 3,391 24,986 3,191 26,908
6/27 27,267 269,939 1,974 26,960 3,417 30,325
6/28 14,736 284,675 2,596 29,556 7,682 38,007
6/29 30,606 315,281 1,095 30,651 3,843 41,850
6/30 31,564 346,845 1,227 31,878 8,760 50,610
7/1 56,933 403,778 1,874 33,752 2,369 52,979
7/2 36,615 440,393 25 33,777 2,336 55,315
7/3 13,866 454,259 161 33,938 589 55,904
7/4 4,981 459,240 108 34,046 1,211 57,115
7/5 5,427 464,667 263 34,309 1,505 58,620
7/6 10,142 474,809 602 34,911 1,436 60,056
7/7 109,690 584,499 2,912 37,823 17,658 77,714
7/8 123,474 707,973 3 37,826 13,926 91,640
7/9 152,674 860,647 17 37,843 6,261 97,901
7/10 99,072 959,719 311 38,154 2,359 100,260
7/11 49,583 1,009,302 1,001 39,155 724 100,984
7/12 50,963 1,060,265 793 39,948 1,102 102,086
7/13 44,754 1,105,019 141 40,089 393 102,479
7/14 37,189 1,142,208 17 40,106 4,607 107,086
7/15 19,878 1,162,086 685 40,791 480 107,566
-continued-
30
Table 6.–Page 2 of 2.
Sockeye Chinook Chum Coho b
Date Daily Cumulative Daily Cumulative Daily Cumulative Daily Cumulative
7/16 13,110 1,175,196 452 41,243 598 108,164
7/17 14,280 1,189,476 561 41,804 1,203 109,367
7/18 9,369 1,198,845 -3 41,801 498 109,865
7/19 4,389 1,203,234 8 41,809 591 110,456
7/20 5,184 1,208,418 80 41,889 136 110,592
7/21 4,548 1,212,966 98 41,987 136 110,728
7/22 4,967 1,217,933 711 42,698 184 110,912
7/23 3,364 1,221,297 116 42,814 439 111,351
7/24 3,182 1,224,479 76 42,890 384 111,735
7/25 3,580 1,228,059 142 43,032 996 112,731
Note: All counts rounded to nearest whole fish.
a Counts are considered inriver abundance estimates, not a final escapement.
b Coho were not counted in 2020 because sonar operations ended prior to the arrival of the coho run.
