Table 10.
–Daily district registration of drift gillnet permit holders and dual vessel registration, by
district, Bristol Bay, 2020.
Naknek-Kvichak Egegik Ugashik Nushagak Togiak
Date Total Dual Total Dual Total Dual Total Dual Total a Total b
6/1 0 0 3 0 0 0 1 0 0 4
6/2 5 1 17 1 1 0 12 4 1 36
6/3 5 1 18 1 1 0 14 5 1 41
6/4 5 1 18 1 2 0 15 5 3 44
6/5 5 1 20 1 2 0 15 5 4 46
6/6 5 1 20 1 2 0 15 5 4 46
6/7 5 1 21 1 2 0 15 5 4 47
6/8 5 1 23 1 2 0 15 5 4 50
6/9 11 1 34 3 7 0 27 5 5 85
6/10 11 1 37 3 7 0 33 5 6 100
6/11 12 1 43 4 7 0 35 5 12 111
6/12 12 1 46 5 7 0 37 5 14 116
6/13 14 1 50 6 8 1 42 6 14 128
6/14 25 1 74 7 8 1 42 6 14 163
6/15 25 1 102 15 8 1 46 8 14 196
6/16 35 1 136 26 12 3 65 11 15 265
6/17 39 1 146 27 12 3 78 11 17 294
6/18 40 1 147 27 12 3 96 14 19 315
6/19 57 1 177 33 8 1 112 17 20 378
6/20 61 1 196 39 8 1 152 26 24 442
6/21 67 1 223 43 8 1 175 30 25 499
6/22 80 6 266 55 8 1 201 33 26 585
6/23 112 14 277 54 8 1 270 45 30 698
6/24 131 15 271 53 8 1 335 57 31 776
6/25 181 24 300 60 14 3 528 110 31 1,054
6/26 270 48 329 67 25 7 697 168 31 1,354
6/27 350 74 393 88 29 9 682 160 33 1,488
6/28 389 85 408 92 30 9 675 159 34 1,537
6/29 434 99 410 92 31 9 677 160 35 1,588
6/30 459 103 431 96 29 8 676 160 36 1,632
7/01 466 104 440 100 30 8 662 156 37 1,635
7/02 473 105 446 101 34 8 636 145 37 1,626
7/03 495 114 450 102 37 9 589 128 37 1,608
7/04 511 120 462 107 42 10 540 110 37 1,592
7/05 518 120 500 121 47 10 479 101 37 1,581
7/06 531 123 529 134 48 10 478 101 37 1,625
7/07 544 126 573 140 48 10 488 105 39 1,692
7/08 548 126 570 141 50 10 484 102 39 1,694
7/09 550 126 567 141 44 7 466 96 42 1,670
7/10 558 129 556 136 46 7 437 86 43 1,640
7/11 589 139 516 124 48 7 360 62 43 1,557
7/12 616 148 471 115 61 13 299 53 44 1,491
7/13 696 172 482 115 91 23 294 52 44 1,607
7/14 715 175 483 115 144 34 282 47 44 1,668
7/15 722 177 480 116 158 37 282 47 44 1,686
7/16 722 176 474 114 174 40 279 46 44 1,684
Average c 386 86 391 89 43 10 402 84 35 1,257
Note: Total permit sum includes dual boat registrations.
a Dual boat registration in not permitted by regulation in Togiak District.
b Total does not include permits in transfer status.
c Seasonal averages calculated for June 16–July 16.
40
Table 11.
–Comparison of daily sockeye escapement estimates by tower count and river test fis
