Table 17.
–Daily sockeye salmon escapement tower counts by river system, Bristol Bay westside, 2020.
Wood River Igushik River Togiak River
Date Daily Cum. Daily Cum. Daily Cum.
6/17 6,900 6,900
6/18 6,990 13,890
6/19 5,352 19,242
6/20 4,866 24,108
6/21 13,260 37,368
6/22 11,022 48,390
6/23 10,500 58,890 426 426
6/24 67,884 126,774 2,268 2,694
6/25 41,778 168,552 3,336 6,030
6/26 50,562 219,114 4,302 10,332
6/27 38,280 257,394 1,128 11,460
6/28 39,414 296,808 4,428 15,888
6/29 37,998 334,806 3,984 19,872
6/30 49,398 384,204 4,266 24,138
7/1 48,780 432,984 6,522 30,660
7/2 49,410 482,394 3,570 34,230
7/3 45,426 527,820 3,396 37,626
7/4 27,054 554,874 3,636 41,262 24 24
7/5 12,498 567,372 3,516 44,778 762 786
7/6 37,614 604,986 1,410 46,188 822 1,608
7/7 127,770 732,756 1,764 47,952 1,416 3,024
7/8 246,228 978,984 882 48,834 864 3,888
7/9 270,660 1,249,644 5,106 53,940 2,472 6,360
7/10 193,950 1,443,594 19,026 72,966 2,928 9,288
7/11 137,496 1,581,090 21,084 94,050 1,902 11,190
7/12 113,328 1,694,418 21,828 115,878 2,838 14,028
7/13 110,400 1,804,818 28,980 144,858 4,092 18,120
7/14 111,972 1,916,790 26,340 171,198 6,276 24,396
7/15 72,942 1,989,732 15,984 187,182 7,734 32,130
7/16 66,246 2,055,978 23,526 210,708 10,920 43,050
7/17 37,680 2,093,658 22,140 232,848 9,018 52,068
7/18 24,024 2,117,682 13,926 246,774 5,988 58,056
7/19 29,178 2,146,860 14,916 261,690 5,844 63,900
7/20 27,570 2,174,430 11,610 273,300 6,666 70,566
7/21 24,498 2,198,928 6,984 280,284 11,442 82,008
-continued-
50
Table 17.–Page 2 of 2.
Wood River Igushik River Togiak River
Date Daily Cum. Daily Cum. Daily Cum.
7/22 17,238 2,216,166 10,044 290,328 9,930 91,938
7/23 16,518 2,232,684 5,760 296,088 9,726 101,664
7/24 4,452 2,237,136 4,632 300,720 10,110 111,774
7/25 6,750 2,243,886 2,598 303,318 4,602 116,376
7/26 3,990 307,308 7,614 123,990
7/27 2,910 310,218 10,284 134,274
7/28 2,826 313,044 12,786 147,060
7/29 1,944 314,988 20,910 167,970
7/30 2,856 317,844 15,162 183,132
7/31 1,182 319,026 12,144 195,276
8/1 2,064 321,090 6,720 201,996
8/2 2,724 323,814 5,874 207,870
8/3 5,364 213,234
8/4 6,924 220,158
8/5 10,296 230,454
8/6 13,944 244,398
8/7 9,330 253,728
8/8 2,262 255,990
8/9 5,136 261,126
